# SoloPistol vs Woaheee (SoloPistol POV)

- White: `SoloPistol`
- Black: `Woaheee`
- POV: `SoloPistol` (White)
- Turn labels: `me` = `SoloPistol`, `opp` = `Woaheee`

## Significant Swings

- Config: threshold=20.0 pts, scope=pov, max-events=8, cause-mode=forensic, severity=Critical only
- No critical swings met the configured threshold.

```text
Ply   Turn Move    Win% Loss% Draw%    Eval
-------------------------------------------
1.    me  e4       3.6   0.2  96.2    0.30
1...  opp e5       3.1   0.2  96.7    0.28
2.    me  Nf3      3.0   0.2  96.8    0.27
2...  opp Qe7     60.3   0.0  39.7    1.02
3.    me  Nc3     38.9   0.0  61.1    0.85
3...  opp Nc6     86.3   0.0  13.7    1.29
4.    me  Bd3     28.6   0.0  71.4    0.77
4...  opp Nd4     70.8   0.0  29.2    1.11
5.    me  O-O     15.7   0.0  84.3    0.63
5...  opp Nxf3+   19.1   0.0  80.9    0.67
6.    me  Qxf3    13.1   0.0  86.9    0.59
6...  opp Nf6     22.0   0.0  78.0    0.71
7.    me  Bb5      4.1   0.1  95.8    0.36
7...  opp c6       6.0   0.1  93.9    0.44
8.    me  Ba4      2.1   0.2  97.7    0.23
8...  opp g6      90.1   0.0   9.9    1.36
9.    me  Ne2      0.1   3.1  96.8   -0.32
9...  opp Bh6      1.0   0.3  98.7    0.10
10.   me  d4       0.7   0.4  98.9    0.05
10... opp Bxc1     0.8   0.4  98.8    0.06
11.   me  Raxc1    0.7   0.4  98.9    0.04
11... opp exd4     3.3   0.1  96.6    0.34
12.   me  Nxd4     2.1   0.1  97.8    0.25
12... opp Nxe4   100.0   0.0   0.0    3.05
13.   me  Rce1   100.0   0.0   0.0    2.88
13... opp Nd2    100.0   0.0   0.0    8.25
14.   me  Qe2    100.0   0.0   0.0    4.24
14... opp Nxf1   100.0   0.0   0.0     M+1
15.   me  Qxe7#  100.0   0.0   0.0     M+0
```
